101: 118 64
83: 132 118 | 108 2
61: 19 2
33: 126 2 | 68 118
80: 2 48 | 118 91
47: 38 2 | 64 118
40: 25 2 | 93 118
18: 38 2 | 108 118
2: "a"
74: 118 108 | 2 12
41: 118 17 | 2 58
56: 125 2 | 132 118
66: 12 2 | 27 118
62: 118 52 | 2 125
58: 2 128 | 118 99
89: 110 2 | 3 118
30: 118 85 | 2 21
20: 2 70 | 118 111
85: 118 115 | 2 52
98: 118 46 | 2 10
12: 118 2 | 43 118
99: 102 118 | 56 2
127: 2 119 | 118 100
53: 125 2 | 108 118
15: 2 27 | 118 108
22: 95 2 | 61 118
109: 115 2 | 46 118
90: 76 2 | 121 118
37: 15 118 | 23 2
27: 118 2 | 118 118
104: 2 46 | 118 12
32: 64 2
26: 35 118 | 32 2
123: 131 2 | 89 118
21: 118 132 | 2 115
95: 112 118 | 125 2
79: 88 2 | 60 118
34: 107 2 | 133 118
6: 2 101 | 118 110
55: 118 112 | 2 64
10: 2 118
115: 2 118 | 2 2
39: 2 61 | 118 81
42: 92 118 | 124 2
105: 38 2 | 10 118
7: 10 2 | 27 118
106: 87 2 | 1 118
75: 118 46
28: 2 71 | 118 16
120: 118 27 | 2 112
100: 69 2 | 109 118
102: 46 118 | 132 2
5: 39 118 | 51 2
14: 57 2 | 96 118
8: 42
25: 118 59 | 2 67
3: 19 118 | 52 2
59: 2 74 | 118 83
87: 118 72 | 2 78
130: 111 2 | 117 118
112: 2 43 | 118 118
116: 118 38 | 2 108
17: 2 122 | 118 29
124: 41 118 | 40 2
11: 42 31
38: 43 43
44: 118 123 | 2 114
23: 12 2
29: 2 113 | 118 129
121: 2 10 | 118 19
93: 2 26 | 118 36
13: 19 118 | 46 2
107: 118 132 | 2 10
54: 118 27 | 2 12
63: 2 105 | 118 82
84: 2 37 | 118 73
52: 118 2 | 2 118
50: 118 111 | 2 9
111: 118 112 | 2 27
82: 118 46 | 2 108
118: "b"
133: 115 2
103: 34 2 | 22 118
36: 66 2 | 65 118
31: 33 118 | 79 2
69: 12 2 | 115 118
122: 54 118 | 66 2
114: 6 118 | 80 2
92: 118 14 | 2 44
0: 8 11
117: 132 2 | 108 118
76: 64 2 | 27 118
126: 2 28 | 118 127
113: 125 2 | 19 118
43: 118 | 2
46: 118 118 | 2 118
132: 118 118 | 2 2
49: 118 130 | 2 50
129: 19 118 | 27 2
24: 2 27 | 118 52
119: 118 47 | 2 98
91: 19 118 | 10 2
35: 115 118 | 46 2
57: 2 63 | 118 90
125: 118 118 | 43 2
108: 118 118
4: 115 118 | 19 2
94: 112 2 | 115 118
1: 2 55 | 118 75
9: 38 118 | 112 2
71: 2 18 | 118 53
60: 103 2 | 86 118
51: 116 2 | 24 118
128: 24 118 | 117 2
45: 118 2
16: 104 2 | 62 118
70: 118 115 | 2 45
77: 118 13 | 2 94
131: 61 2 | 107 118
68: 2 49 | 118 84
86: 118 97 | 2 30
78: 118 38 | 2 12
88: 5 2 | 106 118
81: 2 45 | 118 52
64: 2 2
19: 2 43 | 118 2
110: 132 2 | 64 118
96: 2 77 | 118 20
67: 104 118 | 4 2
65: 115 118 | 38 2
73: 118 110 | 2 120
72: 64 2 | 115 118
48: 2 46 | 118 10
97: 7 118 | 133 2
